20
7
3
6
11
9
4
13
3
9
11
12
18
11
19
2
3
7
20
7
10
5
10
2
3
13
10
7
3
20
8
9
7
15
6
7
2
2
11
6
6
10
11
7
17
10
5
5
3
3
13
8
7
4
6
20
7
3
9
13
9
9
20
15
3
10
6
9
2
6
9
10
2
13
3
7
17
10
7
11
7
5
9
3
3
2
12
18
5
25
27
8
8
5
14
18
3
5
11
3
11
10
5
9
10
21
11
11
10
14
17
11
18
4
6
6
4
9
11
3
8
12
12
13
17
13
7
11
31
6
2
5
11
12
8
5
6
17
5
2
2
2
6
2
3
6
3
14
2
8
5
16
6
5
4
12
6
4
8
11
13
9
6
21
29
14
18
12
5
5
5
3
5
14
11
3
6
4
2
11
6
5
10
5
8
14
2
4
12
2
7
15
4
22
19
3
6
5
4
4
4
10
6
8
15
6
3
10
13
7
3
18
16
13
7
12
6
6
2
18
18
2
7
6
7
11
21
17
17
12
3
12
9
15
10
4
2
7
3
10
13
3
4
7
3
5
18
21
4
15
11
13
2
12
15
9
13
3
4
9
10
18
13
3
5
5
13
19
16
3
12
9
14
10
2
11
9
7
8
2
12
23
6
13
5
5
10
17
6
10
2
2
2
17
5
3
6
16
14
5
5
3
9
10
6
2
14
3
13
4
10
10
6
3
4
15
3
18
6
20
5
7
4
3
12
13
3
11
9
14
8
8
4
8
3
9
4
12
21
16
14
6
11
3
3
15
6
4
12
4
17
19
5
2
11
10
24
9
7
11
6
7
12
12
7
12
17
13
2
5
14
17
14
6
4
11
4
2
4
5
6
10
2
12
18
3
2
10
9
2
15
6
2
23
20
2
12
21
7
9
12
2
8
5
2
8
6
10
3
4
9
6
5
2
7
15
10
11
28
9
9
2
3
9
9
5
14
6
7
19
9
10
6
9
3
6
8
3
16
3
5
2
2
10
7
2
17
11
9
13
6
6
4
10
13
8
6
6
10
8
8
12
10
14
13
9
9
5
4
6
7
13
9
17
9
2
3
22
17
2
11
5
12
5
10
8
11
11
18
14
16
3
10
5
7
14
6
2
17
14
9
14
5
20
7
6
5
7
9
8
5
4
14
11
10
20
13
5
14
14
3
2
2
8
7
25
15
2
6
6
2
7
8
2
3
8
17
12
23
18
8
5
2
11
9
2
2
9
24
12
2
7
6
7
3
3
3
6
16
20
4
5
14
8
13
5
9
8
3
22
16
3
10
13
16
7
10
12
19
10
4
5
2
3
2
2
4
5
4
21
7
15
14
9
15
16
28
24
11
2
11
2
3
7
6
5
4
2
4
3
10
11
4
6
2
3
2
11
3
15
5
16
20
9
8
6
2
2
4
3
3
4
2
22
29
7
9
3
2
14
2
3
2
3
2
3
8
8
8
13
4
10
14
2
10
7
3
12
7
12
9
5
3
4
10
8
5
10
10
7
10
7
16
5
3
9
3
11
4
7
2
2
9
11
19
6
6
15
3
4
7
8
12
3
4
5
6
17
13
5
2
12
3
14
16
2
18
16
4
13
4
2
13
2
34
20
14
15
3
4
12
25
8
8
6
3
6
12
8
11
3
12
14
7
7
9
6
8
5
7
2
8
3
6
3
13
5
8
5
5
6
10
9
19
6
2
4
9
5
3
8
5
3
5
18
11
9
15
9
7
6
5
18
13
8
12
6
4
13
9
9
5
3
2
3
2
5
2
5
5
19
19
8
17
17
12
15
2
5
10
17
4
4
7
6
15
6
24
21
10
15
5
11
16
13
7
7
14
6
18
20
7
2
2
8
17
26
17
4
12
16
8
5
12
10
8
17
20
8
12
2
15
11
7
4
6
9
19
2
5
14
13
8
4
2
8
5
3
4
4
7
6
4
3
9
19
9
3
6
6
5
7
6
16
8
2
12
20
14
6
5
3
3
5
6
12
13
2
2
5
5
9
18
9
6
2
2
7
10
4
8
2
10
5
12
6
7
12
20
6
3
10
3
12
2
6
18
14
14
15
3
11
9
3
16
16
11
2
5
11
6
9
4
6
4
10
10
2
3
7
17
19
3
5
18
4
16
5
5
3
3
13
20
11
3
10
11
14
7
6
5
4
5
8
10
12
15
6
7
6
15
21
6
12
13
6
4
13
10
2
8
4
7
6
2
12
3
15
13
4
19
26
3
17
25
16
2
6
5
5
5
5
13
17
12
12
3
2
5
11
10
5
9
22
14
7
9
20
19
7
7
4
8
6
8
14
3
16
17
5
16
17
4
9
8
4
12
5
3
5
8
6
11
11
11
4
5
2
8
14
22
4
7
3
6
8
8
19
10
4
2
5
10
13
13
6
14
18
6
5
15
12
3
2
5
11
5
25
2
15
14
15
20
8
4
12
5
22
12
6
6
11
4
9
12
5
3
4
4
5
4
2
3
16
6
14
21
26
2
10
11
6
11
12
6
16
12
12
8
5
8
3
5
10
6
7
15
4
6
3
5
15
22
7
13
12
6
6
17
10
3
11
7
9
10
4
9
3
12
15
19
5
16
12
11
9
10
9
6
