16
18
5
18
14
14
2
22
19
15
8
6
4
6
15
3
5
11
7
4
8
6
9
5
16
12
3
14
22
4
18
10
2
14
18
12
2
11
2
10
3
4
2
6
11
12
19
5
3
3
4
8
7
7
10
9
18
35
6
2
3
7
5
10
12
5
7
4
4
9
8
17
14
4
9
2
11
22
12
5
16
18
7
8
11
10
4
2
21
11
5
10
12
6
5
8
16
5
2
11
9
12
19
13
3
8
2
3
4
4
2
15
16
3
7
2
12
11
15
11
12
28
5
13
19
23
2
3
12
4
2
12
5
9
20
2
15
3
10
4
7
2
7
11
12
14
7
9
2
5
3
4
2
5
19
11
9
4
14
3
3
5
5
12
25
2
12
3
7
19
19
22
20
14
13
25
4
7
7
12
4
15
11
12
9
5
6
11
6
16
5
11
2
11
2
6
12
3
13
7
2
19
18
8
2
9
8
12
14
7
5
5
4
3
7
7
2
9
5
9
10
5
9
8
10
15
13
10
8
6
7
5
9
8
4
9
10
8
4
3
12
11
8
13
11
6
4
17
21
2
6
3
4
2
12
12
12
8
2
9
13
14
8
15
27
18
12
5
13
7
20
29
19
4
11
8
5
7
11
9
6
2
5
10
13
13
5
3
4
6
16
15
11
8
6
12
2
12
4
13
11
6
2
16
24
13
2
4
6
9
4
12
8
11
14
7
18
14
2
7
3
3
2
5
10
12
4
8
14
5
14
8
17
4
9
9
11
5
10
9
10
9
16
17
15
26
30
20
5
14
8
9
10
12
11
4
6
14
10
7
5
8
20
8
4
25
21
2
6
14
6
6
3
5
8
2
2
10
2
12
2
4
4
12
15
3
2
9
2
12
16
2
3
15
25
4
7
3
6
3
4
5
6
4
8
6
16
21
12
2
2
6
5
17
11
12
9
2
7
14
13
15
4
8
5
2
7
4
6
4
11
17
12
26
11
12
4
12
16
6
8
14
21
17
21
3
6
20
9
9
9
7
3
22
2
21
2
14
10
2
13
7
3
9
11
16
8
3
4
13
11
18
13
3
6
16
18
2
8
2
6
13
12
16
13
5
15
18
4
18
6
8
5
17
13
3
4
10
21
28
20
10
4
3
6
4
2
7
6
6
16
21
18
2
8
8
6
7
13
10
3
3
8
2
12
14
17
7
2
22
13
4
4
14
12
12
17
13
10
13
15
16
5
11
16
23
6
8
9
16
5
14
20
18
10
5
5
4
12
7
3
7
15
5
27
6
16
4
2
9
20
11
9
22
20
3
5
10
10
11
5
8
19
6
9
29
16
5
5
7
10
7
4
6
19
5
13
8
5
15
4
7
6
4
3
5
4
16
19
11
6
6
5
3
4
14
5
18
16
11
4
5
5
2
7
4
23
20
23
23
5
21
7
8
8
17
3
5
10
10
18
15
15
28
10
4
15
10
12
11
7
6
8
3
17
17
3
6
15
18
2
6
3
12
10
6
11
8
9
17
7
13
7
5
27
38
3
16
5
3
2
6
17
13
3
5
14
8
11
6
14
7
11
12
5
8
5
16
15
3
3
12
18
5
6
13
3
3
10
3
10
16
7
18
15
5
13
5
12
8
8
21
8
5
6
9
6
15
15
9
14
13
33
12
18
7
7
2
7
9
9
3
13
9
20
2
6
12
11
10
4
7
8
17
26
17
2
4
9
28
13
4
15
15
2
2
3
3
2
11
15
2
8
11
3
9
3
16
21
8
2
12
13
12
12
10
4
9
6
3
3
14
12
6
5
5
9
9
11
7
4
9
2
11
13
16
6
23
15
2
19
6
4
8
11
10
12
13
8
11
23
20
12
5
6
10
8
18
10
5
3
13
4
2
4
5
9
8
19
4
4
5
7
8
16
24
3
2
2
17
15
5
13
22
4
9
5
8
8
2
5
13
13
9
3
10
5
7
13
12
7
6
2
26
19
12
11
2
8
3
3
4
12
17
8
4
2
10
12
15
19
11
9
2
8
18
4
3
9
2
10
3
16
12
15
15
6
12
9
3
2
4
5
12
3
14
5
4
19
7
2
8
3
13
9
14
3
29
16
4
8
4
11
11
8
15
8
3
8
8
17
6
3
14
9
13
15
8
12
16
3
6
16
25
13
11
4
6
19
11
9
4
31
21
38
41
16
12
5
6
9
5
8
6
4
6
22
26
18
11
2
2
4
5
3
15
20
9
21
18
14
18
12
3
13
3
7
8
11
6
9
6
2
15
18
6
6
12
13
6
12
7
11
9
6
12
8
8
13
33
21
5
12
5
6
6
17
31
7
7
25
29
5
9
5
16
6
20
9
13
16
14
2
6
14
18
4
2
15
16
6
3
7
9
17
2
11
12
7
13
5
25
10
6
24
14
5
17
15
10
22
8
2
6
12
17
2
19
26
3
4
8
3
6
16
23
10
24
9
7
4
6
10
12
25
22
8
7
3
2
20
23
8
9
9
2
10
4
20
15
32
22
15
15
7
4
3
4
6
4
5
9
8
2
5
2
7
18
7
8
9
23
13
4
14
17
4
4
17
23
16
4
4
8
2
2
11
11
3
10
11
10
10
10
10
10
11
10
10
