6
11
5
12
13
39
15
14
11
11
2
2
27
10
13
14
5
24
7
3
6
20
11
9
13
3
4
27
16
16
3
11
8
4
2
12
19
20
10
31
13
8
4
2
5
23
3
13
9
2
4
10
16
8
15
18
18
5
9
7
21
11
7
2
4
10
17
5
14
4
11
7
13
12
18
9
2
10
3
5
11
6
22
15
7
9
16
23
6
2
8
22
29
38
34
16
6
4
5
10
8
14
16
19
10
22
32
14
17
9
14
2
16
11
4
6
5
19
18
11
8
3
2
12
13
23
20
10
14
25
19
4
9
28
34
23
29
19
9
14
4
2
14
10
4
6
14
15
8
4
8
5
3
2
9
5
17
10
9
11
21
18
13
37
27
10
11
21
21
27
8
18
5
25
17
10
11
8
3
6
3
20
2
9
8
15
25
16
4
9
9
2
5
2
3
2
12
4
22
7
4
5
6
9
4
5
21
23
4
4
13
15
7
5
2
28
11
21
17
14
12
14
5
6
3
4
16
8
16
23
6
7
15
19
20
