158
3
70
62
109
38
34
116
5
12
17
115
115
299
299
78
78
31
31
102
102
148
114
34
16
16
127
127
71
37
34
4
4
2
2
195
190
5
69
69
204
193
11
181
181
59
44
103
169
24
193
179
133
46
9
5
4
171
35
86
116
42
64
117
66
181
20
19
41
47
47
36
28
8
6
6
2
146
145
3
31
31
173
130
43
12
12
233
233
7
7
182
182
14
118
131
13
13
4
4
175
175
106
106
21
21
116
116
214
214
3
3
12
12
56
56
6
6
5
3
8
10
2
3
9
