12
3
5
5
5
5
6
10
3
8
3
13
17
14
7
3
2
3
10
7
5
6
7
9
7
7
5
7
6
6
2
4
10
14
4
12
19
14
10
4
4
2
4
2
11
7
12
2
9
2
10
8
9
8
2
3
9
13
7
6
12
8
3
6
3
14
15
2
14
9
13
11
5
9
4
13
4
5
12
3
3
4
9
10
11
10
9
9
9
8
10
10
7
11
5
8
11
14
13
13
11
10
10
9
10
10
9
9
10
2
10
10
11
11
11
10
11
10
9
9
8
12
13
19
4
11
11
2
16
11
5
2
5
2
8
8
10
9
14
10
10
9
9
14
3
4
4
11
4
5
8
10
11
12
3
4
13
19
7
9
13
3
6
7
4
8
7
7
6
9
3
3
7
5
2
6
10
12
8
4
3
2
2
11
11
8
8
2
6
12
8
9
12
14
12
8
10
2
9
11
3
11
9
9
9
9
12
2
4
6
2
3
17
15
3
10
9
3
7
5
5
3
6
4
3
3
10
6
4
8
10
2
4
2
5
14
13
5
3
12
14
4
2
4
12
16
11
10
2
12
14
11
9
10
6
10
3
16
6
6
6
5
6
10
6
11
13
5
9
7
3
3
6
7
4
3
6
5
9
10
3
13
15
10
8
2
6
9
15
7
10
17
5
8
4
13
3
17
14
5
12
15
4
6
8
8
2
6
2
3
6
6
6
9
12
10
13
12
3
2
2
15
18
2
5
3
6
6
4
11
11
11
11
3
9
7
14
15
2
4
2
2
2
11
10
9
10
13
15
3
3
3
12
14
9
4
8
2
17
17
4
8
6
3
5
4
13
13
13
16
2
4
13
12
8
10
8
5
3
4
11
18
4
4
10
12
4
7
2
3
2
5
5
5
3
4
7
10
9
7
10
9
9
10
15
10
10
9
11
11
10
10
7
16
2
10
12
2
5
3
11
7
4
3
7
15
22
14
8
5
2
8
11
16
18
2
9
13
2
8
9
14
12
2
10
10
2
3
3
7
2
6
8
14
9
5
14
13
10
18
7
3
4
8
11
5
5
2
5
2
3
8
6
2
11
14
13
8
8
4
9
5
11
8
5
8
10
4
4
3
3
3
2
3
3
4
7
6
4
2
7
11
2
2
10
7
5
3
2
4
2
7
9
13
14
15
12
4
5
8
8
8
14
16
3
10
9
9
12
9
10
9
4
10
15
4
10
10
5
2
6
5
2
3
3
2
5
2
18
15
5
3
10
7
4
4
9
9
3
6
4
3
2
8
9
14
15
5
10
9
6
4
5
3
11
12
10
8
7
9
10
9
2
3
9
10
12
10
11
14
2
11
7
10
11
4
8
2
12
11
6
9
12
11
2
3
2
7
7
12
8
10
13
14
11
2
3
2
13
10
11
11
2
9
9
10
9
10
8
2
11
10
2
11
9
9
10
10
9
10
10
8
10
9
8
10
4
11
17
11
12
3
2
3
3
2
5
6
8
2
4
4
4
6
15
13
2
4
6
11
13
9
3
3
10
11
11
15
4
6
4
9
11
10
11
6
3
3
6
9
7
8
9
4
6
5
3
8
10
11
14
3
9
7
3
2
8
8
5
3
3
10
9
10
10
2
3
4
2
14
9
2
2
7
15
11
2
3
4
4
6
5
7
3
15
13
2
2
2
4
4
2
2
10
9
8
11
2
13
13
11
10
11
10
7
9
3
13
13
11
12
3
8
10
2
2
2
9
9
2
2
7
13
14
17
3
12
8
4
12
5
6
7
3
5
8
5
3
2
2
2
3
3
9
12
15
12
4
3
8
4
9
3
9
5
7
9
4
5
2
5
19
15
11
14
5
4
3
5
5
13
10
2
11
8
3
10
9
3
3
5
7
3
14
14
3
2
2
8
12
3
4
2
7
11
6
6
4
5
4
3
2
2
4
4
3
13
10
11
9
3
5
6
12
13
10
4
3
8
5
12
4
7
6
9
6
4
3
2
9
3
3
11
7
2
3
10
13
4
4
11
6
4
14
4
6
3
6
3
2
3
5
12
9
6
6
10
16
6
8
11
9
11
12
15
16
10
12
3
4
5
11
15
10
10
2
9
8
2
2
9
9
2
8
8
2
4
3
8
14
11
9
7
12
12
12
10
8
12
8
6
6
2
4
9
5
2
12
16
4
2
9
5
2
4
6
8
6
11
2
2
10
10
3
15
20
9
6
6
3
8
5
12
12
4
5
4
7
9
2
3
5
2
2
2
9
10
8
10
9
9
4
3
2
2
3
7
6
2
