36
34
5
26
40
15
33
34
8
13
27
44
15
24
36
28
31
39
23
22
33
32
26
39
67
30
18
15
4
9
18
14
16
8
4
16
18
2
10
5
35
12
3
23
26
4
17
9
15
11
11
8
14
21
21
18
37
2
3
26
32
35
5
35
27
16
15
7
27
22
4
17
2
4
10
15
46
34
29
20
14
17
19
26
37
25
14
4
48
52
10
8
20
16
25
3
25
45
68
40
23
26
13
15
18
11
10
26
9
33
13
24
12
3
29
3
4
57
23
27
53
48
14
14
20
27
19
47
53
13
14
23
16
4
16
9
12
6
10
5
3
43
54
23
14
31
13
32
40
12
23
14
40
39
30
26
30
17
16
49
39
16
16
42
45
9
13
12
26
35
50
37
12
16
9
3
7
24
30
2
19
11
5
27
4
22
39
2
10
3
34
21
21
4
25
4
36
2
5
21
16
8
35
28
44
34
19
35
7
39
31
