9
98
64
34
60
60
97
78
19
7
7
2
2
21
17
4
50
50
193
193
6
45
51
53
53
120
59
14
75
19
2
8
20
25
24
88
45
259
302
5
5
2
13
15
10
10
18
11
7
28
5
23
14
14
84
84
96
96
62
17
137
139
43
102
39
63
117
108
9
8
8
6
6
121
121
155
100
71
85
75
24
26
186
199
16
44
112
72
42
138
17
56
56
67
14
46
4
11
180
180
9
9
26
26
2
2
6
6
3
11
14
87
87
219
171
18
30
93
77
16
23
23
93
93
34
52
86
265
265
101
92
104
113
71
71
17
15
2
3
3
6
6
18
18
89
8
81
49
239
288
68
68
17
17
72
95
167
26
26
94
94
76
76
17
172
189
22
20
2
20
20
12
12
18
262
