22
17
11
28
31
10
15
8
20
9
3
12
5
3
3
16
16
16
35
11
19
14
15
34
22
16
25
4
2
2
10
9
20
19
6
15
20
23
5
7
7
5
13
12
3
11
11
26
39
23
5
28
27
15
3
35
22
15
9
4
7
5
16
15
17
4
11
12
9
9
7
30
27
9
15
5
3
10
7
8
6
3
16
23
7
16
3
2
9
5
5
4
2
6
6
4
6
6
4
15
8
26
20
14
11
8
19
3
6
4
9
2
17
24
5
16
11
4
8
19
9
2
11
3
16
2
5
23
19
4
24
20
14
3
17
8
2
11
17
4
9
10
4
6
18
8
2
23
4
6
2
28
14
8
6
14
17
11
2
4
2
4
3
26
22
13
21
11
11
10
2
7
5
10
5
16
8
5
8
10
14
10
6
16
9
7
6
2
5
4
12
3
6
6
2
6
2
11
11
14
27
19
18
24
2
17
7
14
10
25
21
9
4
7
4
14
10
7
6
7
5
14
11
5
10
2
3
5
3
5
6
15
9
6
14
3
9
3
12
22
21
17
14
3
8
3
6
12
19
6
5
11
9
12
8
8
12
14
2
13
2
26
19
4
21
10
3
7
5
21
2
12
14
17
6
3
5
12
8
6
21
3
19
18
23
23
28
14
3
17
19
2
12
3
12
4
2
8
9
26
22
3
13
3
12
6
21
10
10
29
18
8
14
5
9
2
24
4
20
17
13
6
21
25
5
3
10
16
6
12
8
11
6
15
4
16
7
13
10
9
23
8
2
5
12
2
22
26
23
20
8
19
19
5
18
25
6
5
6
17
19
9
10
10
2
12
7
14
19
18
10
15
19
6
3
10
17
2
17
10
7
4
10
5
11
18
10
5
6
6
10
5
20
24
21
4
3
9
11
2
5
12
17
6
3
5
8
7
6
8
11
26
26
5
7
20
25
12
27
15
5
4
8
7
2
11
20
11
4
5
11
11
11
27
8
3
2
5
7
13
23
26
13
18
19
17
3
4
15
11
15
10
15
23
14
15
12
6
17
5
14
7
5
4
28
16
10
10
19
5
14
8
14
15
10
11
3
6
10
23
33
30
15
4
11
22
22
15
7
24
13
10
4
22
18
8
11
2
19
4
17
15
25
21
11
12
4
6
3
20
8
4
9
4
4
4
10
16
16
23
22
2
9
5
16
12
19
16
14
10
2
7
10
2
17
26
13
23
30
10
10
13
5
14
12
4
10
4
12
3
2
2
22
4
22
13
7
4
32
18
10
20
24
20
6
9
8
10
15
10
12
5
12
5
24
21
13
6
4
4
11
12
2
14
6
12
3
13
8
6
25
17
24
20
8
5
6
8
11
12
6
13
4
4
13
4
4
15
29
2
9
23
20
11
11
10
4
14
12
20
7
3
3
2
8
16
2
31
16
2
6
9
6
4
5
15
21
18
11
13
14
3
12
13
8
14
15
5
19
6
7
29
3
3
18
2
15
19
4
2
20
9
11
5
13
12
29
5
15
5
7
6
2
21
18
8
5
19
6
16
4
9
32
10
8
7
4
10
23
8
5
12
11
10
8
9
26
21
9
2
3
11
11
7
4
7
13
10
10
8
5
13
7
20
26
14
9
13
16
21
4
13
5
6
8
9
3
10
11
17
35
13
15
10
3
6
10
2
15
21
27
12
6
7
21
8
9
8
5
2
11
19
21
10
2
5
6
3
21
9
4
17
5
4
2
14
14
29
22
12
8
13
7
7
14
20
30
23
10
6
13
13
7
8
10
4
16
18
3
28
43
10
3
3
8
28
21
14
9
20
24
16
17
7
24
31
24
23
15
8
11
7
10
3
19
15
4
4
4
11
13
2
10
10
15
24
25
2
13
20
28
7
13
33
32
21
8
4
8
2
7
6
16
15
12
20
29
26
8
25
17
7
12
24
15
8
5
8
4
15
3
11
12
16
8
2
15
23
12
9
15
9
11
16
2
14
5
16
20
16
33
11
7
16
24
28
31
8
41
19
12
13
7
7
19
4
6
9
11
19
12
2
9
10
3
12
12
4
21
21
4
10
2
13
9
27
23
17
34
31
12
17
9
14
9
2
10
14
13
18
4
10
23
15
7
16
6
10
14
8
2
10
10
20
22
21
28
17
4
4
23
18
3
15
23
5
16
22
7
15
14
9
3
3
15
4
10
9
20
4
7
11
14
3
4
5
13
17
14
6
14
7
3
5
11
4
18
13
6
21
21
7
12
5
11
22
26
2
24
10
8
24
17
5
7
3
15
14
2
3
9
4
4
13
12
6
11
11
3
3
3
4
13
7
5
2
8
7
18
7
4
23
11
6
12
5
14
8
18
10
5
3
9
5
22
8
6
4
4
11
14
11
12
4
7
4
4
7
25
24
18
21
11
2
11
10
9
15
11
8
14
4
5
5
5
5
5
6
17
20
8
2
3
2
4
12
3
4
2
20
21
25
13
9
3
10
31
18
11
18
5
4
3
9
10
11
14
10
20
18
6
11
13
4
11
8
6
8
7
2
11
10
6
11
20
8
17
10
5
25
28
30
7
15
21
7
10
8
10
5
4
11
13
24
14
7
10
24
13
8
11
2
8
6
9
15
31
7
15
11
3
22
5
16
4
3
4
39
22
21
17
9
8
27
19
4
11
22
12
26
9
13
4
14
10
7
3
26
17
8
20
15
8
