2
15
2
9
4
14
31
20
8
5
5
8
4
9
2
2
5
14
11
5
10
6
11
2
16
5
5
10
8
2
2
6
8
9
5
11
12
4
4
2
2
10
8
4
8
18
16
5
2
9
10
6
4
3
22
13
11
22
5
6
5
11
2
12
13
6
8
22
16
4
7
5
6
9
9
2
4
16
8
9
9
7
3
15
16
14
9
4
8
11
8
7
7
5
5
7
20
18
6
23
2
9
4
7
2
12
3
4
8
4
9
19
15
5
12
3
8
4
7
10
8
7
10
19
10
2
14
8
15
2
11
15
14
2
12
5
11
9
3
3
6
16
8
11
19
7
8
5
9
8
5
11
3
10
15
19
6
3
13
15
8
2
6
9
11
11
4
5
7
11
2
2
11
2
9
13
8
7
9
4
7
5
2
9
2
11
14
2
7
3
6
7
4
5
8
5
5
7
5
3
15
12
6
5
12
8
2
14
24
14
12
15
20
13
4
5
4
11
9
6
8
5
12
7
2
6
2
6
8
6
10
2
2
5
4
5
13
15
11
7
9
2
11
8
5
6
14
9
3
4
8
9
8
4
3
5
5
7
3
12
7
8
6
12
13
3
13
11
2
11
15
13
9
14
12
5
8
3
7
10
3
2
2
8
4
14
4
10
8
16
17
3
3
4
14
5
5
5
7
16
20
5
10
2
2
2
6
10
5
6
3
6
6
13
2
14
13
13
11
4
3
4
14
4
6
5
7
4
13
10
5
6
11
4
10
2
6
4
3
4
5
8
13
9
5
5
5
5
5
5
7
8
8
2
3
3
4
4
7
26
14
13
20
3
8
4
5
3
16
18
4
9
10
2
11
6
14
24
23
4
5
2
4
19
14
3
2
8
12
15
12
3
2
2
4
5
7
3
6
3
17
12
7
14
8
10
2
17
8
8
9
5
9
15
4
6
8
4
15
17
9
5
4
6
6
4
7
14
5
7
7
18
5
3
3
11
2
2
7
4
6
9
15
6
4
2
6
2
16
10
19
31
18
20
15
2
5
6
3
11
12
2
3
12
7
3
12
2
3
2
10
6
2
7
21
9
13
5
9
12
7
25
10
3
3
4
6
3
5
6
3
8
6
5
6
5
6
13
8
2
4
5
12
7
17
7
2
3
21
11
14
9
3
8
3
9
11
9
3
5
29
23
12
7
4
10
2
5
2
2
14
4
4
7
14
13
15
5
2
2
10
16
9
25
10
15
18
3
20
8
13
14
4
3
15
22
20
12
3
8
7
10
6
5
3
6
4
3
10
12
10
7
8
15
3
6
7
11
3
6
14
9
3
4
10
11
17
9
21
4
12
11
10
7
7
8
8
6
3
3
3
4
6
8
3
4
6
5
13
13
5
3
6
9
24
12
2
10
4
6
6
13
5
10
4
11
5
15
19
23
9
5
18
26
26
20
6
5
8
10
12
6
2
8
13
11
5
15
2
22
18
11
4
15
22
13
7
4
2
4
6
11
2
19
23
6
16
8
4
4
6
2
3
4
5
11
6
2
3
10
19
2
7
8
2
6
7
6
7
4
17
15
2
9
9
9
13
21
11
2
7
3
3
10
19
22
14
14
19
4
14
15
5
6
2
14
16
8
16
15
2
11
6
11
33
29
12
8
11
9
12
12
10
3
5
10
2
12
3
23
5
2
18
19
3
4
2
6
5
18
19
12
23
5
2
19
18
10
14
15
10
4
7
8
7
3
8
8
17
16
3
6
12
10
4
12
6
20
4
11
2
21
7
2
11
20
6
10
12
7
9
3
11
5
5
6
7
10
11
3
4
8
8
14
16
17
2
6
16
4
9
2
5
4
21
12
7
9
3
2
2
7
3
6
19
10
6
6
5
4
10
9
7
13
8
7
6
10
7
7
5
2
6
5
18
11
6
2
11
5
8
5
2
7
9
7
18
18
28
15
4
3
4
17
6
15
7
6
11
13
7
6
10
11
5
17
28
14
7
8
15
10
17
4
5
5
9
10
10
8
12
3
7
7
15
19
9
14
28
15
2
16
15
18
16
7
8
10
3
5
9
19
7
5
8
9
15
26
34
4
10
6
5
3
2
8
13
4
11
19
2
5
7
2
12
21
5
8
5
2
3
11
11
15
20
9
8
10
8
17
4
4
13
9
4
14
24
6
9
4
13
8
5
15
2
8
13
6
5
19
10
2
8
17
13
6
7
2
6
3
13
7
15
16
9
3
17
5
8
9
17
10
5
14
9
6
2
5
4
13
2
3
10
5
7
4
11
3
22
17
9
3
12
12
3
4
14
20
14
5
7
2
5
7
7
12
18
7
5
17
16
4
6
17
11
10
7
3
2
5
13
5
7
18
23
8
6
9
20
13
15
11
22
37
15
8
10
5
3
8
8
14
6
2
12
12
3
14
11
5
4
7
10
8
8
2
9
2
20
3
12
10
12
5
7
5
8
12
21
10
4
14
4
8
7
11
14
7
2
3
4
4
11
2
7
11
16
16
13
10
12
6
12
11
4
10
10
14
3
13
16
12
5
5
4
5
6
10
20
4
2
4
17
7
2
4
13
4
5
15
10
4
2
7
12
7
12
9
11
3
7
9
5
6
17
13
23
5
13
6
4
5
21
4
11
3
8
6
19
3
4
13
7
7
14
23
4
5
8
2
10
6
11
15
18
14
9
2
2
9
3
14
7
21
17
10
13
8
5
9
5
