22
18
5
18
20
3
20
22
19
13
3
3
7
9
18
14
6
4
10
8
2
14
23
12
34
6
12
16
14
4
10
8
32
46
40
24
5
8
5
10
11
7
2
4
2
15
15
12
19
16
4
18
3
17
18
19
2
15
8
16
3
15
7
15
41
50
10
5
24
18
11
5
5
13
4
17
25
20
15
10
4
19
2
15
8
21
7
13
2
5
13
5
5
14
29
6
15
9
19
38
18
9
5
6
22
2
4
16
6
14
2
3
2
3
12
25
14
8
22
14
4
30
6
18
16
11
18
7
18
31
6
11
21
12
13
28
33
11
16
14
27
24
14
6
13
25
7
11
14
18
33
7
27
3
20
10
22
16
22
3
8
6
3
4
11
10
16
18
18
11
7
2
5
29
14
13
5
16
8
7
10
27
31
6
29
31
28
22
33
7
19
28
9
7
11
23
7
13
22
17
6
8
8
2
2
3
2
39
32
6
21
15
26
4
2
9
25
20
9
19
5
24
9
21
15
27
12
7
4
13
6
10
2
15
2
20
37
15
19
21
25
3
14
28
4
17
6
14
21
8
10
25
4
4
11
9
5
2
12
20
23
19
2
19
22
16
13
18
23
32
20
6
16
8
12
16
3
14
12
33
38
29
7
12
31
13
5
19
7
5
24
13
23
4
11
7
13
2
8
11
22
18
4
3
10
5
5
11
5
14
11
4
2
7
8
3
9
2
13
40
15
6
12
10
11
6
18
17
23
23
4
12
2
6
5
19
8
18
16
3
2
25
9
12
4
5
6
7
30
20
2
4
3
5
20
18
14
19
5
4
2
2
4
4
3
13
8
9
5
12
2
10
13
34
18
5
12
15
3
5
15
37
5
6
4
4
14
3
17
16
11
13
2
15
23
6
3
10
19
13
10
11
25
23
5
19
3
19
16
11
3
20
4
27
38
14
24
26
12
34
3
6
7
3
11
6
13
3
14
7
7
9
9
14
5
19
12
3
12
5
7
9
7
22
22
8
21
24
3
3
13
13
23
26
23
6
6
27
19
18
27
4
18
36
21
16
12
2
10
6
5
30
10
13
11
14
25
27
10
9
2
15
3
11
31
8
12
20
10
14
5
6
16
5
18
7
4
26
15
6
5
3
6
12
9
8
7
3
4
7
11
5
6
7
7
13
9
7
20
26
14
6
15
11
15
19
7
25
18
4
20
9
13
18
10
9
17
24
12
4
13
3
14
2
16
30
22
7
6
19
3
13
4
20
19
33
22
13
19
13
3
16
35
18
12
20
20
10
11
17
13
5
12
12
5
16
17
10
7
29
27
12
20
21
8
7
6
3
7
4
16
8
17
16
22
19
3
16
18
11
11
5
18
2
25
10
12
6
2
10
13
12
4
11
12
3
16
7
6
13
22
11
4
8
10
9
22
16
43
39
7
2
6
4
15
13
21
12
34
28
12
12
17
13
3
2
14
8
2
4
18
9
2
12
8
7
5
4
28
32
7
6
14
14
19
10
14
11
43
26
17
21
7
3
18
8
6
11
16
9
10
21
9
9
8
2
6
7
11
17
13
14
19
3
16
3
9
4
5
3
17
14
10
3
6
9
16
17
11
5
2
6
9
9
5
2
4
11
3
15
15
12
13
5
10
2
13
10
11
14
13
18
15
29
22
4
19
10
5
7
16
11
5
8
12
13
5
3
23
17
19
3
23
17
9
24
22
6
4
4
8
15
2
10
6
3
12
12
17
9
15
4
5
9
21
20
11
34
24
5
5
16
24
5
2
22
26
24
2
13
2
2
18
35
10
15
2
10
7
4
26
19
3
7
3
18
9
4
22
15
3
10
14
3
14
3
2
12
2
16
19
6
23
3
17
23
10
7
23
24
11
12
12
12
11
27
7
31
22
17
12
6
3
19
13
3
8
12
23
4
8
33
14
2
8
20
35
8
30
7
23
15
4
16
2
2
20
42
8
6
33
13
3
3
28
10
14
12
19
6
13
11
14
19
18
32
4
8
3
2
5
18
24
17
4
7
19
8
2
9
9
6
6
26
24
12
9
10
6
6
3
20
8
24
6
2
7
35
44
2
4
20
7
2
5
9
20
19
11
14
3
8
19
13
2
3
5
5
2
26
8
15
9
24
24
16
14
24
4
16
16
8
16
13
26
14
8
31
35
21
5
15
2
10
9
12
5
11
11
18
8
17
22
12
17
11
10
2
12
12
6
17
6
8
6
6
8
2
2
3
11
8
19
24
29
26
20
10
20
15
2
3
4
14
12
10
17
2
22
3
6
6
3
10
11
6
21
14
10
6
12
17
10
6
5
4
17
6
8
15
17
17
5
6
26
19
11
13
3
3
9
2
5
20
18
12
28
38
10
16
4
21
13
11
30
19
13
16
5
9
9
20
32
8
15
13
4
29
16
7
9
21
3
2
8
17
11
18
35
16
13
48
46
3
3
13
32
12
7
2
3
9
5
11
6
2
11
29
22
6
18
21
3
6
5
14
6
3
22
43
12
9
11
29
7
19
2
34
5
28
26
53
7
15
10
10
15
2
8
4
13
13
11
19
16
21
14
15
27
13
10
17
9
8
2
14
10
4
6
4
2
5
17
19
13
31
25
15
4
5
18
2
3
30
16
13
19
2
9
6
14
13
11
23
7
30
14
11
5
2
15
15
2
8
18
