14
18
12
12
10
2
18
12
8
3
12
6
12
10
19
18
13
5
4
15
18
5
14
24
11
6
14
10
14
17
12
20
5
18
3
21
15
16
8
19
8
23
15
13
29
15
6
7
13
26
4
10
11
12
11
6
15
5
32
17
6
2
3
10
11
9
6
15
13
22
17
18
3
3
2
2
2
13
4
9
12
8
4
16
9
12
27
21
9
6
8
2
6
8
12
14
21
4
6
26
17
7
13
4
7
6
2
11
6
4
8
19
14
3
6
21
2
3
12
2
9
5
6
5
14
13
21
7
2
12
4
10
4
6
3
18
2
3
3
14
19
20
2
10
11
10
3
2
3
5
15
6
4
11
5
24
11
4
4
17
9
11
12
17
5
8
7
8
6
8
8
24
20
11
17
10
3
3
2
7
3
3
3
4
12
9
14
8
3
6
10
5
5
14
4
13
2
20
10
2
3
13
26
4
14
10
3
9
3
5
2
2
14
16
14
3
12
6
4
9
2
4
13
2
3
6
13
13
8
5
18
21
11
10
2
8
2
17
13
5
9
13
11
12
4
6
11
12
4
5
20
22
13
4
5
8
2
12
17
16
15
6
18
7
4
5
2
5
5
5
2
6
14
3
14
25
15
3
16
5
4
11
14
4
11
7
10
3
18
13
12
13
21
30
14
5
12
7
3
8
6
5
17
3
5
5
14
18
10
2
8
10
13
7
14
9
2
18
22
7
4
7
8
13
10
7
9
17
12
18
8
9
3
7
5
11
2
20
16
12
19
19
9
10
4
19
2
3
12
6
6
15
5
5
8
12
15
6
23
20
7
12
16
7
6
5
2
8
3
3
8
4
8
2
23
17
4
4
13
11
4
13
8
18
23
13
3
4
12
14
9
3
5
6
4
16
18
6
11
13
5
10
11
5
3
5
7
17
10
7
6
3
9
5
7
2
14
19
16
2
14
19
7
15
2
13
12
4
8
22
23
15
2
8
6
9
3
7
4
13
7
3
7
6
3
12
9
11
9
9
10
14
10
5
2
11
2
4
13
18
19
11
10
5
3
2
2
7
5
10
15
16
7
9
12
8
6
2
5
19
17
5
2
4
9
17
6
11
2
10
4
4
9
19
2
7
15
10
2
13
13
8
18
23
10
4
12
5
18
19
5
3
2
7
9
4
2
2
2
15
4
9
8
9
28
22
8
2
9
3
9
3
2
21
23
2
13
3
13
7
3
5
8
3
4
23
5
23
23
9
19
13
16
6
12
8
8
3
7
6
11
25
14
11
4
8
6
4
14
9
3
18
4
13
18
14
4
3
11
3
7
5
4
2
2
10
9
17
16
4
15
11
11
10
17
22
7
2
5
9
8
20
6
4
6
4
9
3
5
21
12
4
3
9
22
17
16
7
9
3
6
7
2
7
10
4
8
8
7
5
9
4
15
17
10
2
6
2
4
3
2
8
11
6
9
13
3
14
2
8
6
4
4
8
3
2
4
8
5
14
11
8
12
13
16
14
3
5
12
23
5
3
5
2
8
10
13
8
8
4
4
18
11
8
5
6
2
2
11
4
17
10
10
21
18
9
10
19
2
19
4
4
12
11
6
7
5
9
2
4
9
3
2
4
5
9
7
9
12
15
19
8
6
11
7
6
5
9
12
3
6
3
7
8
2
2
12
11
9
2
3
5
3
8
8
6
4
3
9
16
26
2
10
5
2
11
9
3
8
11
10
2
3
4
8
2
7
4
4
5
6
5
10
16
3
8
10
8
5
14
9
3
3
5
14
16
12
7
15
11
9
3
10
2
10
4
5
16
14
3
11
17
7
2
2
8
9
2
7
13
5
8
3
5
13
9
7
12
3
4
2
15
17
4
5
2
9
6
5
10
2
10
16
3
14
3
23
18
10
18
11
9
2
9
13
16
9
10
16
9
3
10
5
6
11
11
4
3
9
5
4
11
14
5
5
4
6
4
3
3
6
8
8
12
14
5
12
14
2
9
8
7
7
4
4
12
5
5
2
10
9
3
12
21
5
6
11
6
10
10
14
23
7
10
13
15
15
11
2
3
11
10
8
2
3
12
2
11
2
13
8
6
7
2
10
3
10
9
3
4
7
16
12
4
9
10
6
5
8
7
7
2
7
13
5
4
3
4
3
8
12
7
7
2
8
5
11
3
8
10
7
5
8
15
16
24
17
7
5
13
9
6
9
5
12
20
12
11
3
4
9
8
7
3
2
6
5
10
12
3
13
3
11
2
2
11
13
15
3
16
2
15
16
2
13
4
19
14
10
12
3
5
2
10
11
4
2
4
3
7
17
11
11
3
6
2
11
3
14
14
4
3
5
11
6
6
2
7
3
6
4
15
6
8
6
6
4
6
6
10
15
8
2
3
3
3
2
5
12
20
4
4
8
3
7
7
6
17
8
13
10
6
3
3
10
11
6
12
3
6
4
5
3
8
7
7
16
6
16
5
17
6
2
3
6
9
13
4
7
5
10
5
7
13
16
13
15
9
7
10
5
7
5
15
21
3
6
2
11
6
2
9
15
10
12
6
2
3
11
9
2
2
4
4
7
7
5
13
10
14
9
5
3
15
10
9
8
7
6
4
5
