4
27
6
12
2
31
16
22
39
31
23
13
3
11
15
19
9
9
20
3
9
6
2
48
65
22
32
17
2
11
8
37
3
17
2
4
2
5
6
26
14
9
10
23
18
8
22
14
7
23
38
21
11
11
12
26
45
32
6
24
4
24
7
21
8
11
19
10
2
8
19
2
24
40
9
6
17
5
12
5
10
31
25
9
3
39
13
29
6
21
4
20
6
8
19
6
3
8
13
17
3
7
5
2
26
2
36
15
11
27
18
4
23
21
7
19
28
7
22
27
16
2
8
16
26
14
2
7
15
25
8
34
31
5
19
27
31
8
30
31
18
18
7
4
14
8
5
2
28
7
7
38
13
8
8
5
7
2
13
6
12
17
10
7
4
10
35
4
26
7
17
11
19
34
21
43
50
3
8
25
9
4
16
22
15
2
16
6
19
22
16
20
3
21
6
4
53
60
31
25
43
22
7
7
22
23
7
3
8
5
8
8
15
3
2
16
20
7
9
2
5
14
13
18
23
22
18
19
18
38
6
28
24
19
18
21
40
27
2
3
21
3
24
3
16
10
18
20
3
5
19
2
6
14
11
10
13
11
24
35
10
26
11
29
18
10
34
27
2
13
15
4
17
12
23
20
15
28
25
4
13
15
25
17
3
5
15
19
4
2
3
15
5
8
6
2
18
17
17
20
4
4
9
37
34
4
5
8
18
35
34
30
27
13
3
2
8
2
10
4
22
8
10
12
13
19
5
39
33
12
11
13
7
32
8
38
24
5
11
3
17
44
7
20
20
10
2
8
18
2
21
34
21
21
42
13
6
14
13
3
8
6
8
10
2
2
10
25
10
5
27
24
7
13
11
3
34
23
10
17
20
21
26
14
9
33
7
30
36
31
20
5
10
6
12
5
22
20
7
16
5
17
13
14
9
15
2
13
6
15
11
25
40
16
6
20
34
18
25
31
19
30
5
37
28
23
13
4
9
9
3
3
20
19
2
2
12
5
9
10
10
3
22
28
56
46
11
24
11
2
19
27
9
8
5
4
3
17
12
5
31
43
33
9
5
2
8
10
6
10
7
36
12
24
40
26
28
6
6
12
17
3
15
2
5
11
9
10
4
8
5
9
9
35
37
13
18
30
14
10
18
6
5
11
12
16
7
18
4
10
4
2
9
15
5
23
37
6
14
5
23
2
31
31
22
4
9
17
42
41
22
10
3
31
38
8
3
13
24
25
3
11
17
14
8
5
5
11
52
55
26
11
33
37
24
12
15
14
6
27
3
7
11
22
23
8
22
17
9
9
37
39
10
14
33
18
29
23
7
22
19
28
11
9
7
4
15
3
3
4
14
21
2
16
19
15
15
21
16
15
7
7
3
10
3
18
5
2
26
7
21
13
12
10
11
20
21
8
3
25
24
9
4
34
11
2
10
33
8
4
14
6
2
12
8
19
12
25
17
31
24
28
10
21
19
7
6
6
3
7
4
10
6
7
6
18
24
8
9
18
18
7
11
5
19
4
13
22
27
27
32
29
12
11
7
3
36
9
38
32
4
18
23
7
18
10
9
13
23
3
25
11
23
38
6
23
23
34
21
10
12
17
6
6
11
24
29
8
13
4
12
4
26
9
23
8
23
18
9
35
32
20
11
12
5
22
2
14
12
14
23
8
5
4
18
17
7
17
19
3
14
15
4
20
43
19
21
3
14
11
30
11
32
57
24
32
9
3
28
19
4
7
6
9
7
14
17
22
7
12
3
13
7
14
23
14
5
32
13
4
21
11
13
32
19
15
7
15
12
25
25
5
11
25
18
4
12
13
19
17
13
2
39
37
7
3
6
17
6
9
27
4
17
10
10
34
25
17
14
13
4
35
3
25
28
39
7
6
6
2
11
20
2
18
2
16
7
4
5
9
11
15
16
12
15
14
11
22
20
56
25
15
2
7
22
16
5
2
3
21
3
15
5
2
14
17
12
14
14
36
47
25
7
36
27
33
14
39
10
28
31
2
7
9
7
20
22
7
10
6
27
34
5
7
4
3
3
16
16
14
7
4
13
7
18
4
22
24
25
14
18
16
28
7
7
2
8
12
40
11
6
11
14
8
10
21
11
11
21
10
10
23
29
20
4
7
40
66
24
14
5
10
6
10
20
27
4
19
34
29
28
13
21
3
4
2
11
36
11
14
2
14
18
12
3
4
7
7
18
4
14
9
10
3
4
5
4
20
31
16
17
21
9
35
24
2
17
10
12
12
8
4
11
32
36
22
4
14
13
3
21
4
19
28
36
6
11
9
14
13
33
9
11
31
25
11
10
7
4
12
32
20
18
11
12
7
3
2
7
3
9
13
6
4
10
2
19
53
57
24
7
22
42
7
9
5
19
37
11
5
20
4
7
10
20
15
5
5
7
17
21
4
12
18
27
18
10
26
32
22
3
11
10
36
4
20
30
8
17
5
22
19
12
9
11
3
2
13
4
7
20
2
15
4
5
4
9
9
30
16
26
24
4
10
8
8
2
8
27
3
29
30
4
12
22
7
7
14
6
3
14
19
7
15
2
11
14
26
21
3
9
9
7
22
10
2
21
31
5
2
24
21
4
14
2
7
4
4
20
5
4
5
16
28
25
20
17
5
16
11
33
7
11
2
11
26
10
10
8
9
21
26
19
11
7
10
3
27
5
3
22
10
4
2
7
3
4
7
7
28
2
3
17
9
19
29
33
27
18
23
4
11
26
21
6
9
6
2
10
4
7
5
17
11
34
46
28
9
19
23
23
37
10
33
22
10
5
3
5
4
15
10
5
5
15
3
20
13
47
54
9
2
8
21
16
4
4
10
18
