6
9
8
9
7
2
13
5
6
5
2
6
9
2
22
21
9
11
4
12
19
29
5
8
16
27
4
16
18
2
20
7
24
20
15
17
6
22
16
10
4
6
10
5
4
14
12
18
14
9
27
36
12
9
26
26
15
4
3
10
14
5
23
4
5
20
7
13
14
11
44
34
14
4
5
6
6
3
3
4
7
8
3
4
25
10
23
28
8
5
8
4
13
11
22
12
20
17
24
28
5
3
4
6
5
19
15
7
11
3
4
8
6
6
16
29
2
17
22
32
3
29
30
34
21
5
7
12
7
10
9
8
13
18
4
33
36
36
14
4
12
5
12
20
8
7
3
7
6
17
16
17
27
23
15
15
20
25