21
6
12
16
15
9
2
4
13
23
24
9
11
7
4
14
11
18
6
7
3
21
35
13
5
6
5
14
13
5
6
2
10
17
2
14
7
7
10
17
13
11
6
8
9
5
23
32
23
26
9
12
15
8
5
9
2
10
23
20
18
12
20
8
19
15
22
7
23
2
19
3
14
8
2
9
2
6
26
24
8
14
14
3
12
24
14
3
12
19
17
6
17
19
32
5
26
26
7
16
26
13
9
5
2
3
10
3
3
30
3
13
10
18
8
14
18
3
15
21
14
20
5
25
32
15
15
12
7
18
28
28
13
8
3
4
7
10
35
23
5
2
6
14
6
20
22
10
21
16
20
6
27
28
22
3
19
16
3
16
18
31
33
36
21
18
23
18
34
36
25
6
5
19
26
25
32
24
4
7
2
13
9
5
4
12
15
3
2
25
38
21
6
20
32
11
25
15
27
13
24
2
2
12
17
21
3
12
11
5
7
13
8
4
9
4
19
4
19
24
3
14
10
21
10
17
4
21
3
28
8
8
8
6
28
4
12
16
21
13
6
13
9
2
4
5
18
15
3
5
6
5
14
20
10
29
10
5
6
19
11
11
13
23
8
16
3
3
4
5
18
22
27
15
3
20
32
2
8
4
22
14
2
9
5
5
17
11
11
10
16
7
11
27
19
8
16
21
2
22
3
3
5
6
19
7
9
14
2
16
3
23
6
11
4
21
7
23
7
19
6
16
12
2
11
11
8
24
25
8
12
5
21
4
4
14
17
11
6
3
6
15
24
2
6
2
19
13
8
6
6
14
8
15
13
12
3
33
17
14
18
7
14
11
2
9
5
19
9
3
5
2
11
2
19
14
6
7
10
4
5
7
3
31
28
11
11
4
24
27
18
10
10
12
36
28
11
5
19
19
16
2
19
2
10
15
4
2
14
15
3
14
4
3
23
18
2
14
13
7
2
6
13
3
2
5
15
12
18
17
13
16
2
11
6
9
8
9
7
2
13
5
6
5
2
6
9
2
22
21
9
11
4
12
19
29
5
8
16
27
4
16
18
2
20
7
24
20
15
17
6
22
16
10
4
6
10
5
4
14
12
18
14
9
27
36
12
9
26
26
15
4
3
10
14
5
23
4
5
20
7
13
14
11
44
34
14
4
5
6
6
3
3
4
7
8
3
4
25
10
23
28
8
5
8
4
13
11
22
12
20
17
24
28
5
3
4
6
5
19
15
7
11
3
4
8
6
6
16
29
2
17
22
32
3
29
30
34
21
5
7
12
7
10
9
8
13
18
4
33
36
36
14
4
12
5
12
20
8
7
3
7
6
17
16
17
27
23
15
15
20
25
9
17
19
2
16
18
21
23
17
3
2
9
17
18
18
2
6
7
11
3
7
12
5
6
15
16
17
38
20
22
10
5
8
29
7
7
12
8
7
15
17
13
7
10
30
4
10
10
10
8
14
17
20
8
10
4
3
14
9
4
14
8
11
8
7
15
11
9
8
21
8
16
26
2
3
9
13
3
2
5
5
13
14
3
4
6
6
13
11
19
2
2
9
7
16
5
5
2
9
16
23
5
24
36
3
28
6
20
10
15
13
5
7
7
3
6
28
15
5
5
3
14
2
15
18
13
25
7
15
6
10
9
4
8
9
2
4
5
4
15
19
20
7
21
7
7
16
21
8
3
17
16
14
26
34
10
10
2
3
7
4
20
15
3
5
25
19
11
2
7
6
6
17
23
2
18
8
3
24
21
5
2
4
12
4
24
13
8
4
20
3
21
7
17
4
2
5
7
25
4
19
5
25
18
17
20
18
16
2
15
3
40
45
34
29
3
15
6
6
20
19
4
21
9
3
2
8
11
5
13
7
8
7
17
7
13
21
3
22
16
7
5
17
15
25
7
5
7
16
9
27
18
13
2
13
7
2
11
9
6
6
10
4
14
13
22
2
17
2
17
30
29
9
7
15
6
11
11
5
9
4
5
17
21
2
4
5
2
24
16
9
19
19
7
7
30
21
19
22
17
22
25
7
11
15
11
9
12
14
2
7
17
14
3
7
5
4
7
4
13
18
3
11
3
5
11
12
8
5
9
4
11
13
15
12
7
14
19
9
5
5
13
10
8
12
5
4
17
37
25
14
10
6
6
20
2
12
3
2
21
21
15
8
24
17
8
17
23
13
4
8
10
6
3
2
2
3
4
13
11
10
21
12
7
7
5
27
12
14
12
7
8
2
9
9
26
3
6
21
11
19
6
26
2
3
2
16
2
11
6
2
15
14
22
10
2
7
26
16
5
4
19
35
5
8
12
5
5
12
6
7
4
20
17
20
14
8
18
13
2
10
3
16
22
3
5
17
21
6
8
25
18
17
10
6
6
17
11
3
14
18
31
20
14
17
17
7
17
5
8
7
36
2
22
12
24
14
3
14
13
37
28
4
15
3
16
8
7
20
5
6
7
5
10
11
7
7
3
2
18
5
9
19
45
22
4
23
26
12
9
9
7
18
12
4
3
4
5
8
18
13
4
14
30
27
11
19
26
13
3
8
24
18
21
34
22
7
2
4
2
17
5
7
23
13
12
17
6
13
17
2
8
4
19
18
12
5
26
28
25
2
19
18
15
21
16
18
9
7
24
14
11
19
2
9
8
19
7
6
5
5
15
3
20
4
3
13
6
8
14
16
7
8
4
18
2
11
16
10
2
10
11
9
30
6
4
4
7
4
2
2
27
31
13
