-11.02270384
5.29649924
2.85381112
-6.31319305
-0.56840607
-3.25133087
-4.33737503
10.03819564
-8.78806678
11.97933848
13.78858223
-3.42470675
-5.66614544
-3.52624272
7.82214096
9.67535107
13.59911354
2.94854546
11.86602177
11.57252754
8.4506062
3.78506177
-8.39983821
2.61357444
4.78566277
-7.81284977
-9.68464225
-3.93985528
2.08664517
0.68172279
-3.15659652
-0.77645714
-8.54534054
-9.106945
2.49345611
-1.35415439
5.7262046
2.66434243
3.73429378
17.16932263
-5.06306419
-6.7521896
4.1918727
3.24203968
9.26173851
-4.3813414
-5.14850734
-10.22766434
4.29589824
-2.13061153
-2.21605469
2.76836796
10.83074559
-6.39863621
-12.134132
7.99551684
-3.99311283
-10.88400313
8.48777094
-11.08276301
1.81173332
6.76148078