-1.83711731
-0.44828774
1.83711731
7.10574299
-0.19875988
-3.12192135
4.95903865
6.64816407
-5.33797604
-6.07975799
-1.31947922
-8.64007489
2.09593635
-12.50377819
9.98742766
10.57192654
6.2599355
-3.25133087
-11.35767486
2.8470095
-3.86370331
4.08784717
-5.83023013
-2.31078903
1.77705814
1.3702472
-5.87170693
5.62217907
1.42350475
-5.15779853
6.66674644
14.37557068
-9.34967124
-5.55282872
2.57889927
16.10866245
-3.53553391
-1.42350475
1.57829826
-0.87119148
0.70710678
-2.12132034
14.79847442
0.24023667
-4.97513146
2.60428326
3.63026825
8.45989738
2.98322064
0.15479351
-6.64816407
-0.87119148
-6.85621513
4.26122306
4.24264069
-2.61357444
-0.18946869
-2.74298396
-15.10806145
-1.12071934
-21.51598884
1.78634932
3.64885062
-3.77826015
-2.56960808
0.51763809
-0.77645714
-18.30862434
4.81353633
-2.94854546
4.91507229
-2.29469623
-2.72440159
-3.47547474
-5.14850734
0.58698844
5.59679508
-3.34606521
-0.64704761
3.06186218